20
1000000000 1
12 7 74 12
497151700 96511
9 7 6 999919625
218492221 46085
3 7 1 999969453
22 21
1 4 869 22
137 49
48 17 461 137
1000000000 100000
999999999 1 999999999 1000000000
232959116 56689
4 9 1 999903057
45068754 29153
2 9 5 999904402
46 18
7 11 9 46
220 88
1 8 3 58265
693840425 90561
2 6 7 999957328
840698758 13331
8 7 10 999955808
1000000000 100000
1 1 1 1000000000
1000000000 100000
99999 1 99999 100000
254 99
1 8 9 74990
186 75
68 16 539 186
98 59
6 30 524 98
640834505 28785
3 9 1 999946125
112 73
1 5 3 64100
131 74
1 9 10 78736
